1                   location14178                   365456              171323              55800.78            111350.41           2000/1/1          2000/12/31        2095                1645292.643019      0.00100             3829161             1356515.50          2.82                3.18                8775.57             F 
2                   location35635                   258537              282647              84420.41            168802.74           2000/1/1          2000/12/31        404                 1066375.632591      0.00100             549357              2337309.04          0.24                0.22                15120.52            F 
3                   location33336                   507038              124389              76958.57            153601.82           2000/1/1          2000/12/31        9023                971186.756696       0.00100             4150662             2017685.58          2.06                2.29                13052.81            F 
4                   location25308                   576783              343017              70652.51            140998.71           2000/1/1          2000/12/31        787                 855394.898703       0.00100             231571              1481756.86          0.16                0.15                9585.78             F 
5                   location18313                   347853              519251              82337.13            159610.43           2000/1/1          2000/12/31        863                 726681.648798       0.00100             803221              2331716.33          0.34                0.32                15084.34            F 
6                   location20915                   611191              231757              18827.51            37249.96            2000/1/1          2000/12/31        332                 655596.613722       0.00100             777751              151243.75           5.14                5.28                978.43              F 
7                   location29469                   428359              307097              41918.51            83710.32            2000/1/1          2000/12/31        3219                307743.854158       0.00100             1633990             839632.48           1.95                2.02                5431.75             F 
8                   location19145                   272866              38275               34678.16            53308.67            2000/1/1          2000/12/31        320                 255614.183530       0.00100             554035              178230.66           3.11                3.16                1153.01             F 
9                   location31309                   461224              451706              6724.74             11418.10            2000/1/1          2000/12/31        103                 210757.433006       0.00100             143169              13294.08            10.77               10.83               86.00               F 
10                  location19078                   249104              132278              57883.83            115360.78           2000/1/1          2000/12/31        229                 168644.375896       0.00100             379998              849474.86           0.45                0.44                5495.42             F 
11                  location12619                   492788              419453              40769.94            81079.95            2000/1/1          2000/12/31        785                 152606.132298       0.00100             357781              789436.26           0.45                0.44                5107.02             F 
12                  location5950                    357518              400431              30726.99            61357.35            2000/1/1          2000/12/31        2580                147273.002077       0.00100             833315              434570.68           1.92                1.95                2811.32             F 
13                  location11289                   435897              425228              13980.87            27701.52            2000/1/1          2000/12/31        573                 137795.309747       0.00100             294010              93219.02            3.15                3.18                603.05              F 
14                  location22423                   520451              230781              28448.49            56673.67            2000/1/1          2000/12/31        821                 135834.356717       0.00100             116062              391315.56           0.30                0.29                2531.50             F 
15                  location17032                   546581              259037              6139.51             11810.35            2000/1/1          2000/12/31        96                  124866.408442       0.00100             117281              17270.12            6.79                6.82                111.72              F 
16                  location7539                    429703              381437              29830.28            59588.82            2000/1/1          2000/12/31        1014                123988.410260       0.00100             149414              429449.68           0.35                0.34                2778.20             F 
17                  location27523                   367317              275966              24100.97            47813.37            2000/1/1          2000/12/31        160                 111340.942429       0.00100             75710               286968.17           0.26                0.26                1856.45             F 
18                  location15881                   486314              238086              6207.22             12264.62            2000/1/1          2000/12/31        141                 91148.059367        0.00100             93603               15342.04            6.10                6.12                99.25               F 
19                  location20301                   565801              241950              18190.79            35317.85            2000/1/1          2000/12/31        69                  79478.849271        0.00100             34746               168749.68           0.21                0.20                1091.68             F 
20                  location26876                   479322              352965              4339.47             6437.74             2000/1/1          2000/12/31        28                  67602.697896        0.00100             56096               7013.89             8.00                8.01                45.37               F 
21                  location28673                   643288              269292              27720.71            54165.66            2000/1/1          2000/12/31        115                 55167.550238        0.00100             89338               227663.72           0.39                0.39                1472.80             F 
22                  location25716                   488676              276209              25819.96            49939.73            2000/1/1          2000/12/31        408                 51837.177873        0.00100             153881              315762.91           0.49                0.48                2042.73             F 
23                  location28584                   583702              264461              3665.49             5260.11             2000/1/1          2000/12/31        27                  44556.929191        0.00100             36202               4394.30             8.24                8.25                28.43               F 
24                  location10450                   392760              426397              10521.76            19994.00            2000/1/1          2000/12/31        65                  40918.898715        0.00100             2237                50059.69            0.045               0.045               323.85              F 
25                  location17523                   355463              353708              11703.37            22281.13            2000/1/1          2000/12/31        31                  39557.554613        0.00100             13350               76050.73            0.18                0.18                491.99              F 
26                  location32899                   173546              51341               32502.36            62477.18            2000/1/1          2000/12/31        206                 38184.519190        0.00100             116917              237787.16           0.49                0.49                1538.29             F 
27                  location28283                   393642              358931              15154.62            30167.11            2000/1/1          2000/12/31        245                 29743.316411        0.00100             44904               117866.54           0.38                0.38                762.50              F 
28                  location13117                   482473              314556              14080.60            26765.02            2000/1/1          2000/12/31        42                  26553.081776        0.00100             42055               108291.60           0.39                0.39                700.56              F 
29                  location17958                   208666              66039.1             7254.39             9569.59             2000/1/1          2000/12/31        12                  23047.168208        0.00100             33646               7892.38             4.26                4.27                51.06               F 
30                  location27398                   371943              329090              13032.23            24503.80            2000/1/1          2000/12/31        34                  20438.824332        0.00100             35337               87930.12            0.40                0.40                568.84              F 
31                  location32891                   220731              63421.9             4690.90             4690.90             2000/1/1          2000/12/31        5                   14895.037801        0.00100             21194               4856.62             4.36                4.37                31.42               F 
32                  location28167                   388648              338271              6378.40             12588.96            2000/1/1          2000/12/31        70                  12476.431379        0.00100             43804               18492.94            2.37                2.37                119.63              F 
33                  location17481                   377217              360983              2928.28             5131.19             2000/1/1          2000/12/31        10                  4952.592727         0.00100             11716               3960.60             2.96                2.96                25.62               F 
