11.627566           
16.321325           
11.367687           
13.384181           
12.100620           
13.285915           
11.509220           
11.312002           
11.363094           
10.929810           
11.509663           
11.020693           
10.855479           
10.973993           
11.684282           
13.036613           
9.538125            
11.837714           
10.825665           
10.457275           
10.287410           
12.408853           
10.934728           
14.239242           
11.589431           
11.851555           
10.866120           
10.281504           
10.360711           
10.745318           
11.236543           
10.862805           
10.054363           
14.425047           
11.850206           
11.455641           
13.918936           
10.713963           
16.909717           
12.347717           
10.037676           
11.627543           
10.063017           
11.411536           
11.124146           
12.719064           
10.938571           
11.420211           
13.754941           
11.673771           
11.949057           
10.655292           
11.415862           
10.822886           
12.558291           
15.357263           
9.608561            
11.223309           
11.944314           
11.910264           
12.950907           
10.246078           
11.570605           
16.287035           
10.431163           
10.902819           
13.002035           
11.464125           
10.711039           
11.094796           
13.018250           
11.773025           
13.448779           
13.579844           
12.729197           
10.799267           
11.576882           
10.915847           
13.343452           
13.124867           
10.687987           
10.869367           
11.888202           
11.650794           
12.489633           
10.496141           
9.764597            
11.205627           
9.583252            
10.345115           
11.322255           
12.504045           
11.509078           
10.851933           
13.285019           
12.103097           
9.985512            
11.544463           
10.415625           
12.251333           
10.826945           
11.316632           
11.964185           
9.920506            
11.818613           
11.845955           
12.984206           
10.771773           
16.738511           
10.329998           
12.207894           
10.959949           
11.530294           
12.290333           
11.627644           
11.098791           
12.369295           
11.598368           
12.479942           
11.599691           
10.941145           
13.368726           
10.998347           
10.296289           
11.878598           
12.898224           
13.308649           
10.826822           
11.703000           
11.232967           
12.594456           
15.465722           
10.399936           
11.545423           
11.616489           
14.612569           
11.141981           
13.950477           
9.327924            
11.250477           
14.027065           
12.108728           
14.005020           
13.687500           
12.805267           
12.729324           
12.776379           
10.751825           
11.525718           
10.810041           
11.510207           
9.395248            
10.304090           
10.686504           
14.807234           
10.931952           
11.336336           
10.965140           
10.597997           
11.419630           
13.414887           
11.377023           
12.269417           
11.994487           
11.161983           
11.523014           
11.517808           
11.790489           
11.926934           
11.075960           
13.933486           
10.548024           
11.960676           
11.581040           
11.209883           
13.094326           
11.620947           
12.638611           
11.135247           
16.154109           
11.440954           
11.706111           
11.357189           
12.840742           
10.357017           
11.330143           
11.912613           
12.430149           
11.412724           
10.658873           
12.145393           
11.455094           
10.447526           
12.102999           
11.007947           
10.248482           
11.288856           
14.166453           
11.464536           
11.507009           
14.387041           
10.860628           
10.349842           
11.606176           
13.503306           
11.816094           
10.790681           
9.989836            
12.008985           
11.026825           
14.911298           
10.515981           
11.356703           
11.925722           
13.433997           
11.327984           
12.385596           
13.844235           
12.116224           
13.100676           
11.703784           
12.009237           
10.992171           
11.166642           
11.097365           
11.376780           
11.233178           
11.845234           
10.748574           
11.373815           
11.448947           
11.176098           
13.964269           
13.403406           
9.969534            
10.632255           
11.273494           
10.606591           
13.054950           
9.901918            
13.287627           
11.958115           
11.265158           
16.029314           
10.935530           
11.588833           
11.239872           
11.746758           
12.029029           
11.196802           
13.109442           
9.879031            
10.146382           
12.486675           
13.135923           
10.698297           
10.717158           
12.082718           
12.369937           
10.458295           
11.044360           
11.143827           
10.884924           
10.417296           
10.552863           
12.012796           
11.613775           
10.808755           
13.728921           
12.403013           
10.809872           
11.042377           
11.933207           
11.205811           
9.882776            
11.042193           
10.294969           
11.389438           
10.760442           
10.426754           
11.271688           
10.518553           
13.625635           
11.427381           
10.869434           
14.473498           
14.060262           
11.564670           
12.825397           
11.681308           
10.392360           
13.467363           
11.816292           
10.379930           
12.709821           
10.303790           
12.246191           
13.274459           
12.994304           
10.701152           
12.161760           
13.844775           
11.733531           
11.609750           
11.814593           
14.336097           
12.235563           
12.326428           
12.900572           
12.353748           
10.826019           
13.583279           
12.386472           
11.350995           
11.239106           
11.293107           
12.182437           
11.660975           
10.257414           
12.104695           
9.877658            
11.404710           
12.017438           
10.820256           
11.784811           
14.441092           
12.168061           
11.873712           
15.250854           
10.861637           
11.598548           
10.408110           
11.775036           
13.037227           
13.002465           
10.929795           
13.452021           
11.134403           
13.717612           
11.036616           
11.612607           
9.730534            
13.711277           
13.211543           
11.399983           
13.573901           
12.562438           
10.388542           
12.212270           
11.705859           
10.399353           
9.813212            
12.639027           
10.572725           
12.993668           
11.756107           
12.500494           
10.199205           
13.452369           
10.939128           
10.953266           
13.547832           
11.966530           
13.458299           
11.492952           
11.531031           
12.593576           
11.437592           
11.769564           
14.384501           
10.295278           
12.883017           
11.044706           
12.103897           
11.087010           
11.208783           
14.283521           
11.418143           
10.548879           
12.255529           
12.532329           
11.459416           
12.222119           
11.950232           
11.289077           
11.844879           
12.712324           
14.270679           
12.798650           
14.290721           
10.670646           
12.145374           
12.196762           
10.232861           
9.513084            
12.593751           
10.167160           
11.288623           
11.644854           
10.346776           
10.355863           
11.225442           
12.121262           
11.528314           
10.263331           
12.081240           
10.218544           
12.476706           
11.673786           
11.830151           
9.379981            
11.897269           
10.094002           
13.384693           
12.069155           
10.714101           
10.945278           
10.376367           
10.495768           
12.013529           
12.314257           
10.830618           
10.597345           
9.901353            
13.892450           
12.003926           
10.850040           
13.046477           
13.034735           
11.398422           
10.952912           
12.808325           
12.107089           
11.046156           
16.166654           
9.740183            
11.380032           
10.921458           
12.615682           
14.912847           
10.493202           
10.403385           
10.863989           
10.900798           
15.541679           
9.926581            
10.690979           
15.238596           
11.676472           
9.840707            
10.704500           
10.242351           
14.320271           
10.664948           
17.443992           
11.023962           
10.872818           
12.514442           
11.439972           
10.534032           
10.052058           
12.437767           
11.058932           
11.456003           
11.558407           
10.973548           
10.403008           
13.125696           
12.891687           
11.040520           
9.953863            
11.491193           
12.623195           
10.127409           
11.897757           
9.701807            
12.496754           
10.594013           
9.878709            
10.808476           
12.599381           
11.603819           
11.336590           
12.331317           
12.163961           
11.093506           
12.001922           
13.189952           
11.093750           
12.226830           
11.990481           
10.806139           
14.407858           
11.959431           
15.720339           
11.708658           
12.058717           
11.172180           
13.118317           
13.920871           
10.493398           
11.658966           
11.400926           
14.340558           
11.208507           
11.505545           
10.582935           
11.579167           
12.475969           
10.998532           
10.098553           
11.241974           
11.739886           
10.513032           
11.228466           
9.915314            
10.488931           
11.725893           
11.542101           
11.809516           
11.822101           
10.543631           
11.955631           
11.668835           
10.803063           
12.045001           
11.155983           
12.743555           
11.465075           
10.326632           
15.178146           
10.795395           
12.908236           
11.128979           
10.334311           
12.260383           
11.671998           
9.778395            
10.034613           
11.210906           
11.697053           
10.346816           
12.035347           
11.027831           
11.161963           
13.158604           
11.584287           
11.443460           
11.073770           
13.154693           
10.498804           
13.804068           
11.987931           
14.465013           
12.855799           
10.492768           
10.519269           
11.431228           
10.709210           
12.111946           
10.145639           
11.468721           
10.779884           
10.937104           
11.336058           
12.315248           
11.894888           
11.181146           
14.122258           
9.689882            
12.160973           
13.115452           
12.105587           
10.399138           
11.213096           
9.947439            
11.208218           
10.182730           
10.989273           
9.887717            
10.400313           
12.191178           
12.636051           
9.983567            
13.943443           
10.884731           
11.511988           
13.894745           
11.605769           
11.789589           
12.268715           
10.919853           
12.672759           
11.527939           
14.387458           
11.317853           
10.815226           
9.827853            
13.731956           
11.595282           
11.380284           
13.536741           
11.045096           
13.507386           
11.036976           
12.955112           
13.481803           
10.034418           
13.185391           
13.331011           
13.141654           
10.886276           
10.812191           
10.517201           
13.843257           
10.047263           
11.581107           
10.277646           
10.512101           
12.073398           
11.759503           
11.531243           
12.161839           
14.378097           
10.152522           
12.652081           
9.918644            
11.002692           
11.410918           
10.615732           
13.172537           
13.323894           
11.301431           
10.709883           
12.696001           
12.473684           
12.397468           
12.178500           
12.093932           
12.371375           
9.306356            
12.784427           
11.477482           
13.593410           
12.269548           
10.624439           
10.719614           
13.756210           
10.551318           
13.166192           
12.209518           
11.447579           
11.916852           
11.610487           
11.088104           
16.496180           
12.369605           
11.332334           
10.852280           
11.764710           
10.544202           
11.385610           
11.685774           
13.272121           
10.542392           
12.914223           
11.692016           
13.057342           
14.875974           
10.724657           
11.430336           
13.578441           
10.592835           
12.233436           
11.654660           
13.619338           
9.465906            
13.267480           
18.424151           
11.763000           
11.451138           
12.992017           
15.815030           
13.749656           
12.174259           
13.039762           
9.444281            
9.838734            
11.003537           
10.471322           
11.724409           
13.321331           
13.270143           
11.817686           
17.473586           
12.254204           
10.446326           
13.902044           
13.353852           
11.293211           
10.833394           
10.475123           
12.215654           
14.473344           
11.494553           
11.672569           
12.361042           
13.018899           
11.531209           
11.232499           
10.612929           
10.236171           
12.073361           
12.558930           
12.045228           
12.335611           
11.102904           
11.589911           
13.697798           
13.512020           
11.880095           
14.308225           
9.517007            
13.975079           
10.317980           
9.483316            
12.160894           
10.653197           
12.540320           
11.791938           
11.174387           
11.732128           
11.644082           
10.941575           
9.944445            
11.533766           
11.314749           
11.365571           
11.135874           
14.532442           
9.345840            
10.129658           
12.151560           
11.782478           
11.910018           
11.875940           
14.181461           
13.001587           
12.163146           
11.717526           
11.211027           
10.885724           
11.946413           
11.069026           
13.407094           
11.368008           
14.874891           
12.022789           
12.667271           
13.407267           
10.893330           
10.786495           
9.949465            
12.680989           
11.166790           
11.172469           
12.679052           
11.415708           
11.593973           
12.396428           
13.175749           
11.816478           
14.248831           
10.882873           
9.687210            
10.761827           
13.182379           
12.408752           
14.051128           
12.994626           
11.633187           
10.817482           
10.282664           
10.803788           
13.340231           
11.607920           
12.816657           
12.027583           
11.644584           
13.824328           
13.943542           
12.434907           
11.483781           
10.713569           
11.242532           
9.594668            
9.922939            
12.483297           
10.920465           
10.744015           
12.563380           
13.970992           
11.809222           
12.868952           
10.459691           
11.450269           
12.596884           
11.191536           
11.069596           
11.973596           
10.214379           
11.878901           
10.739314           
12.921249           
13.996924           
11.539499           
11.951426           
10.534237           
11.026659           
14.043546           
12.460950           
10.742859           
12.665529           
10.785603           
10.837834           
12.907178           
11.685190           
10.366712           
13.695881           
11.819061           
12.835532           
13.494410           
11.827553           
14.958663           
10.627838           
12.302299           
11.513415           
11.172939           
11.941428           
9.747591            
11.670005           
12.310725           
11.332491           
12.735933           
11.573079           
13.805276           
10.027809           
14.135777           
10.284949           
11.766454           
13.755251           
13.376248           
13.277473           
11.856731           
12.966254           
14.690306           
11.131506           
11.849751           
12.852952           
9.250336            
10.179279           
10.850422           
11.389472           
13.062880           
11.346150           
11.514784           
9.518525            
9.876185            
10.784182           
11.628909           
10.710072           
10.778285           
12.386161           
15.432254           
13.352135           
10.958503           
10.661799           
11.692291           
9.961076            
10.460599           
12.074489           
12.328032           
12.295351           
10.914574           
12.804078           
13.608809           
11.889038           
10.496662           
11.695085           
12.921332           
14.238721           
11.516269           
11.803792           
11.217021           
16.732941           
12.559394           
11.271465           
12.886115           
13.304043           
11.286022           
12.758582           
10.831544           
10.804744           
13.988606           
13.900501           
13.836017           
10.939567           
10.520224           
14.313262           
11.890073           
12.865545           
11.831414           
14.225275           
11.530807           
11.453002           
10.695168           
12.904945           
10.763886           
12.207975           
11.534540           
13.026959           
11.377665           
11.442685           
11.806440           
10.693767           
11.400118           
12.523941           
10.349421           
9.947663            
11.692372           
10.908954           
12.714734           
13.211105           
10.968344           
13.112075           
15.871976           
13.928887           
13.816292           
12.307783           
12.508034           
13.324424           
12.427071           
11.101999           
12.295411           
10.125009           
14.997702           
9.659427            
10.128062           
12.382757           
12.464894           
11.156444           
13.960455           
10.452952           
14.175566           
10.082111           
11.196088           
11.757120           
13.038844           
12.103504           
14.178325           
10.581071           
11.729406           
11.057097           
12.153593           
11.733808           
11.248369           
10.838083           
11.527550           
10.629156           
10.343134           
9.077098            
10.348456           
13.360693           
11.863020           
13.699534           
11.655891           
9.925928            
11.663297           
10.919916           
10.787510           
11.167300           
9.433002            
12.473768           
11.436758           
9.915885            
13.575414           
10.177693           
11.797778           
11.435208           
11.733998           
11.069640           
9.612506            
11.548395           
13.819251           
11.645062           
11.051125           
10.594209           
10.623081           
12.219814           
