1                   1                   1                   3829161             1356515.50          2.82                3.18                8775.57             
2                   1                   1                   549357              2337309.04          0.24                0.22                15120.52            
3                   1                   1                   4150662             2017685.58          2.06                2.29                13052.81            
4                   1                   1                   231571              1481756.86          0.16                0.15                9585.78             
5                   1                   1                   803221              2331716.33          0.34                0.32                15084.34            
6                   1                   1                   777751              151243.75           5.14                5.28                978.43              
7                   1                   1                   1633990             839632.48           1.95                2.02                5431.75             
8                   1                   1                   554035              178230.66           3.11                3.16                1153.01             
9                   1                   1                   143169              13294.08            10.77               10.83               86.00               
10                  1                   1                   379998              849474.86           0.45                0.44                5495.42             
11                  1                   1                   357781              789436.26           0.45                0.44                5107.02             
12                  1                   1                   833315              434570.68           1.92                1.95                2811.32             
13                  1                   1                   294010              93219.02            3.15                3.18                603.05              
14                  1                   1                   116062              391315.56           0.30                0.29                2531.50             
15                  1                   1                   117281              17270.12            6.79                6.82                111.72              
16                  1                   1                   149414              429449.68           0.35                0.34                2778.20             
17                  1                   1                   75710               286968.17           0.26                0.26                1856.45             
18                  1                   1                   93603               15342.04            6.10                6.12                99.25               
19                  1                   1                   34746               168749.68           0.21                0.20                1091.68             
20                  1                   1                   56096               7013.89             8.00                8.01                45.37               
21                  1                   1                   89338               227663.72           0.39                0.39                1472.80             
22                  1                   1                   153881              315762.91           0.49                0.48                2042.73             
23                  1                   1                   36202               4394.30             8.24                8.25                28.43               
24                  1                   1                   2237                50059.69            0.045               0.045               323.85              
25                  1                   1                   13350               76050.73            0.18                0.18                491.99              
26                  1                   1                   116917              237787.16           0.49                0.49                1538.29             
27                  1                   1                   44904               117866.54           0.38                0.38                762.50              
28                  1                   1                   42055               108291.60           0.39                0.39                700.56              
29                  1                   1                   33646               7892.38             4.26                4.27                51.06               
30                  1                   1                   35337               87930.12            0.40                0.40                568.84              
31                  1                   1                   21194               4856.62             4.36                4.37                31.42               
32                  1                   1                   43804               18492.94            2.37                2.37                119.63              
33                  1                   1                   11716               3960.60             2.96                2.96                25.62               
