1                   location30276                   401367              183664              81668.58            162931.96           2000/1/1          2000/12/31        3578                2928655.492866      0.00100             6496955             2334797.03          2.78                3.47                5951714.00          F 
2                   location22719                   526098              208703              30194.73            60120.86            2000/1/1          2000/12/31        3383                994438.795312       0.00100             596517              2335108.90          0.26                0.24                5952509.00          F 
3                   location10536                   403694              410966              40055.43            80019.06            2000/1/1          2000/12/31        3554                826415.391774       0.00100             722002              2335736.56          0.31                0.29                5954109.00          F 
4                   location28506                   607797              251045              37483.15            74360.95            2000/1/1          2000/12/31        551                 704736.051445       0.00100             1276386             365024.53           3.50                3.64                930497.00           F 
5                   location30158                   536394              132273              46756.79            93003.75            2000/1/1          2000/12/31        3527                543138.987498       0.00100             985772              2337534.82          0.42                0.40                5958693.00          F 
6                   location25998                   391528              644571              63581.14            71211.20            2000/1/1          2000/12/31        46                  459801.946707       0.00100             318484              30617.83            10.40               10.53               78049.00            F 
7                   location9475                    399647              290318              16534.89            32960.23            2000/1/1          2000/12/31        1455                404895.988407       0.00100             241420              970453.32           0.25                0.24                2473817.00          F 
8                   location19703                   440621              543066              33408.89            66733.16            2000/1/1          2000/12/31        1419                357856.732393       0.00100             220221              871728.47           0.25                0.25                2222154.00          F 
9                   location18342                   352884              511836              40911.65            80352.14            2000/1/1          2000/12/31        108                 313775.081090       0.00100             370508              71189.62            5.20                5.27                181472.00           F 
10                  location34163                   298485              296208              65271.66            129319.24           2000/1/1          2000/12/31        350                 265666.689225       0.00100             640885              221323.66           2.90                2.95                564184.00           F 
11                  location26377                   468721              473758              36782.74            73165.82            2000/1/1          2000/12/31        242                 237593.389428       0.00100             505762              160603.47           3.15                3.20                409400.00           F 
12                  location26855                   481821              351808              16028.13            30590.92            2000/1/1          2000/12/31        63                  164578.740792       0.00100             208473              42905.13            4.86                4.89                109371.00           F 
13                  location15022                   584057              188074              18260.97            36033.83            2000/1/1          2000/12/31        415                 138722.887833       0.00100             47278               266768.87           0.18                0.18                680030.00           F 
14                  location24768                   541839              396564              57011.78            109475.48           2000/1/1          2000/12/31        693                 122582.954068       0.00100             158528              441874.12           0.36                0.35                1126397.00          F 
15                  location17253                   514524              281236              11481.56            22631.81            2000/1/1          2000/12/31        19                  99678.020051        0.00100             89741               12517.18            7.17                7.19                31908.00            F 
16                  location13071                   460731              303494              6304.32             12394.76            2000/1/1          2000/12/31        256                 88301.018593        0.00100             34574               179339.23           0.19                0.19                457160.00           F 
17                  location18497                   446167              355839              21207.59            42218.26            2000/1/1          2000/12/31        781                 84833.573525        0.00100             240342              499564.66           0.48                0.48                1273458.00          F 
18                  location29565                   451777              277717              13267.67            25534.70            2000/1/1          2000/12/31        82                  73306.284472        0.00100             170265              57013.05            2.99                3.00                145334.00           F 
19                  location25966                   490150              258417              19584.40            39118.79            2000/1/1          2000/12/31        423                 66630.065510        0.00100             113256              282972.40           0.40                0.40                721335.00           F 
20                  location24619                   441952              323419              7404.66             14631.58            2000/1/1          2000/12/31        28                  59001.265395        0.00100             82720               18719.29            4.42                4.43                47718.00            F 
21                  location29701                   422945              270446              5289.28             10043.39            2000/1/1          2000/12/31        8                   58020.314974        0.00100             45249               5182.15             8.73                8.75                13210.00            F 
22                  location13100                   495496              315432              19131.59            37925.12            2000/1/1          2000/12/31        74                  57102.980572        0.00100             139704              48326.97            2.89                2.90                123192.00           F 
23                  location26966                   467658              329425              9959.76             17920.77            2000/1/1          2000/12/31        26                  56291.759762        0.00100             76231               16699.78            4.56                4.58                42570.00            F 
24                  location17315                   542995              264299              19607.54            38245.57            2000/1/1          2000/12/31        220                 52586.067462        0.00100             290284              149162.33           1.95                1.96                380235.00           F 
25                  location23019                   637464              149798              23833.02            40533.73            2000/1/1          2000/12/31        219                 45501.281026        0.00100             45572               142975.53           0.32                0.32                364464.00           F 
26                  location17164                   544182              311792              28661.89            56687.73            2000/1/1          2000/12/31        241                 42337.180174        0.00100             64556               168654.43           0.38                0.38                429923.00           F 
27                  location25906                   465992              258999              5041.35             9401.00             2000/1/1          2000/12/31        8                   25479.342645        0.00100             29761               5619.94             5.30                5.30                14326.00            F 
28                  location25604                   487321              288244              10324.37            19698.74            2000/1/1          2000/12/31        87                  17377.669899        0.00100             19596               58309.96            0.34                0.34                148640.00           F 
29                  location24436                   455793              317769              6048.24             11918.70            2000/1/1          2000/12/31        58                  14263.025246        0.00100             12258               41431.30            0.30                0.30                105614.00           F 
30                  location26942                   453341              331038              0                   0                   2000/1/1          2000/12/31        1                   10726.959665        0.00100             7729                785.76              9.84                9.84                2003.00             F 
31                  location25667                   498739              282284              0                   0                   2000/1/1          2000/12/31        1                   7499.924274         0.00100             6043                724.56              8.34                8.34                1847.00             F 
