10.495276           
9.492088            
12.473561           
12.230602           
10.971165           
13.837803           
10.285591           
12.754946           
11.534426           
13.207950           
11.565063           
11.095449           
12.061669           
10.849731           
10.649837           
12.063982           
12.154888           
9.912540            
11.657591           
12.261599           
12.167221           
10.498435           
11.079264           
16.512935           
12.407439           
11.525758           
10.266486           
12.038488           
15.060400           
12.948293           
10.768191           
11.459644           
10.052209           
10.938195           
9.346820            
11.159141           
12.499602           
11.208033           
14.952597           
13.272789           
11.518705           
11.616840           
10.410278           
10.824165           
11.227567           
14.241432           
11.972912           
12.885270           
12.679650           
10.867095           
12.471346           
10.820057           
11.141679           
10.185257           
11.786135           
10.628074           
16.426976           
11.908339           
10.292123           
12.300833           
10.597645           
10.804248           
10.271430           
15.403059           
11.194057           
12.490542           
11.792209           
11.160594           
13.353179           
11.053968           
10.305061           
12.712260           
11.886047           
16.987305           
10.073633           
13.307683           
15.702433           
10.097263           
11.774821           
11.532882           
10.496627           
10.631385           
10.521449           
11.327599           
12.368452           
11.919722           
12.167825           
10.036204           
15.119042           
11.563608           
11.064043           
11.735781           
12.007003           
11.064348           
11.242075           
10.161991           
12.361541           
11.103959           
11.607121           
11.582149           
10.879848           
11.230713           
12.102208           
10.371996           
11.693162           
11.808787           
10.679086           
16.658776           
11.307262           
10.028237           
10.617477           
11.238371           
10.799988           
11.198773           
13.987538           
12.574160           
13.175608           
12.782767           
13.710582           
11.134535           
10.614914           
10.791649           
11.583415           
10.516574           
12.879764           
12.458310           
11.409813           
10.819745           
11.783033           
10.144296           
9.034781            
13.418999           
14.969146           
10.644090           
14.535403           
9.778059            
14.955997           
15.053357           
10.961424           
12.203784           
11.074582           
10.900009           
10.765587           
12.273511           
9.855953            
9.796576            
14.471166           
14.072501           
10.855791           
12.271302           
10.797880           
11.783525           
11.206150           
9.792155            
15.591790           
13.483959           
13.418782           
10.912759           
10.652125           
11.056230           
9.797573            
10.720829           
13.715741           
13.694133           
10.920863           
14.484798           
10.094615           
12.201108           
10.496389           
13.048856           
12.878132           
10.790378           
11.962479           
10.617580           
11.412077           
11.767772           
12.160817           
12.458395           
12.702726           
11.205533           
12.216519           
12.345525           
11.397847           
11.382363           
14.118672           
10.180131           
12.790266           
10.344221           
11.787020           
11.546695           
11.103973           
13.883668           
10.952919           
15.930464           
10.251668           
10.813489           
10.978966           
13.423486           
11.586946           
11.966562           
11.405053           
11.567221           
12.262749           
13.181145           
10.692777           
11.666885           
11.125576           
12.804854           
11.132582           
13.775270           
10.633683           
13.320537           
12.726834           
10.603219           
11.918464           
12.756223           
12.210297           
11.510967           
12.681030           
11.220543           
10.913786           
10.323268           
12.247655           
13.633513           
11.032904           
10.630139           
9.985973            
12.565301           
11.944841           
13.674145           
9.828225            
15.453270           
10.347073           
11.765805           
11.566081           
10.601360           
12.986307           
11.450430           
11.032954           
10.859222           
13.280345           
12.720325           
11.291522           
11.536832           
14.628717           
11.811466           
12.383114           
11.197901           
10.700377           
11.577243           
13.197648           
11.102449           
13.122962           
11.931381           
11.341088           
9.819874            
12.636278           
11.734641           
10.859650           
11.204538           
14.190928           
12.519890           
11.443788           
14.440347           
13.685679           
10.261522           
12.323854           
10.373783           
10.529707           
11.958152           
14.176257           
11.858281           
11.661333           
11.788264           
10.846121           
12.300644           
12.063275           
10.283736           
14.072756           
11.740214           
10.927218           
11.674028           
9.808080            
11.458989           
10.020268           
11.337497           
11.696594           
12.257733           
10.399251           
11.635854           
12.995001           
10.092984           
10.912143           
12.779489           
12.827342           
9.794999            
12.273436           
12.726732           
11.393001           
11.691173           
11.976117           
11.849930           
11.309837           
10.584083           
13.148659           
10.294233           
10.868929           
11.256467           
12.543236           
11.222344           
9.906407            
11.531926           
12.398806           
13.940985           
11.601941           
10.683059           
11.720796           
10.949696           
9.756763            
11.839155           
14.643193           
10.051896           
12.980502           
11.380779           
11.096795           
11.073487           
13.219891           
9.873877            
10.680312           
12.241980           
11.068796           
10.794461           
12.366809           
12.662621           
13.134856           
14.950824           
14.155087           
11.374020           
13.465710           
14.595490           
11.597128           
10.762281           
11.481197           
13.806861           
11.181771           
10.991502           
11.634147           
13.028720           
10.736992           
11.079409           
10.184123           
11.758877           
11.786464           
11.663564           
9.452104            
11.529687           
14.095150           
9.981059            
14.257296           
11.533951           
10.013988           
10.727312           
11.194484           
13.680075           
14.010205           
10.992503           
12.104868           
11.378081           
13.817792           
10.539806           
11.500043           
13.751218           
12.536543           
10.881549           
13.475254           
12.300346           
9.365084            
11.975905           
10.097522           
11.097911           
9.868225            
11.500081           
11.014481           
13.218120           
13.608996           
12.988342           
12.501391           
13.287875           
10.911244           
14.497947           
11.036722           
11.454559           
9.554937            
13.152129           
11.517937           
13.218028           
17.065854           
10.651763           
11.751280           
13.161510           
11.145657           
10.645824           
15.674642           
14.324169           
12.270804           
11.030951           
12.945462           
11.926137           
13.248031           
12.064169           
10.796721           
17.181855           
10.809451           
12.844262           
13.534381           
11.339333           
12.131432           
13.884393           
11.135224           
12.417025           
11.306405           
10.719281           
10.963822           
13.622857           
10.931801           
11.175557           
9.990052            
10.995655           
11.475828           
12.027112           
12.321588           
10.576283           
13.366635           
13.228146           
13.527542           
12.547085           
12.370902           
11.444819           
10.962354           
13.250174           
11.158478           
12.489106           
14.275170           
11.301330           
9.892422            
10.566508           
11.912395           
12.138399           
10.384227           
12.004372           
13.115790           
10.749534           
10.215965           
13.840432           
12.474859           
10.311233           
9.811524            
11.756420           
12.707692           
12.790855           
11.721248           
11.843514           
14.992972           
10.440903           
12.174310           
11.518767           
12.221511           
10.120511           
11.076500           
14.260680           
10.333214           
11.402549           
11.287832           
9.346489            
14.743985           
12.876864           
8.857013            
13.649541           
11.143720           
11.530532           
11.634847           
12.463612           
10.838405           
10.813186           
12.471864           
11.419088           
13.411803           
11.557472           
10.679537           
12.754379           
12.512814           
11.719054           
11.356237           
11.144075           
10.453508           
12.025046           
11.296893           
12.709068           
12.534434           
11.054505           
11.131210           
11.734411           
12.398355           
9.632357            
14.674668           
11.058635           
14.699910           
11.274577           
13.112459           
12.384179           
11.655391           
12.280559           
10.940527           
10.633615           
11.465854           
9.749899            
10.534843           
10.422739           
12.395430           
12.132733           
10.543947           
12.491512           
10.572982           
12.376444           
11.313032           
14.126364           
12.583326           
10.331422           
10.930287           
11.365640           
10.726296           
13.241924           
12.559344           
14.431050           
10.731746           
12.323494           
10.808121           
10.657293           
10.273319           
12.667975           
15.313588           
10.635185           
9.961066            
10.712096           
11.650048           
10.430773           
10.967459           
11.965126           
12.306044           
12.526257           
13.646260           
12.287661           
10.911568           
12.094857           
11.615719           
14.722855           
11.485199           
10.680699           
12.802016           
12.371262           
10.551777           
10.471875           
16.784404           
11.344133           
12.306703           
11.133178           
12.335587           
11.938389           
10.549812           
10.928283           
10.451937           
12.433211           
10.459327           
12.230155           
11.316515           
13.354197           
10.265718           
11.337171           
12.289618           
12.431344           
14.509534           
9.885225            
11.298602           
11.501898           
13.747604           
10.524606           
12.298656           
11.136641           
12.254892           
11.259656           
10.194836           
11.256825           
10.279910           
11.184391           
10.706399           
10.891201           
11.954148           
11.486144           
12.135854           
11.750571           
12.245188           
12.153853           
12.464954           
13.514269           
15.113520           
11.754941           
11.101223           
10.593764           
10.819857           
11.191965           
10.963583           
14.183798           
11.567229           
11.069061           
12.277238           
11.621805           
11.502355           
10.944084           
12.527161           
11.005668           
10.387939           
12.560344           
11.639582           
11.549843           
12.179609           
11.471107           
11.940336           
14.440448           
10.800941           
11.823915           
11.162226           
10.616326           
10.002739           
10.569993           
11.528963           
11.533303           
11.696306           
11.285094           
15.774602           
10.868620           
12.621853           
10.709226           
11.201606           
11.552756           
10.900694           
10.893629           
16.166888           
9.796586            
11.615783           
10.928133           
11.426143           
11.451244           
11.703015           
13.133476           
11.634537           
12.979694           
11.343886           
13.422625           
11.582307           
12.190227           
13.623103           
10.783650           
10.300691           
10.445652           
11.489237           
12.245255           
11.317989           
11.220331           
9.677068            
13.308504           
11.773242           
11.820376           
12.491180           
11.682093           
9.793748            
9.497458            
12.039181           
11.519002           
11.026557           
11.190179           
12.580959           
14.963430           
10.968953           
12.196450           
11.339613           
10.446852           
12.156917           
10.565683           
11.410108           
10.329297           
11.441238           
10.112188           
13.352075           
11.142322           
11.274532           
12.930695           
10.335858           
11.646517           
10.247815           
9.850364            
11.361451           
11.183183           
10.387280           
14.889553           
10.626688           
13.323414           
11.325275           
13.356286           
13.997014           
10.891958           
11.674600           
12.840000           
10.932309           
10.999840           
10.869121           
11.996302           
11.643557           
11.308800           
12.524160           
10.959200           
9.651669            
10.899803           
11.054624           
12.612595           
11.334433           
12.174433           
11.148024           
13.892527           
11.993481           
12.758976           
10.980661           
11.014039           
11.331940           
13.301314           
12.898361           
10.347524           
10.901320           
11.125077           
12.972818           
11.724069           
11.266977           
11.802185           
12.074579           
11.848348           
12.792086           
12.652826           
11.315737           
11.195628           
12.827301           
9.929997            
10.834345           
12.269269           
12.371699           
11.859469           
11.137258           
11.088542           
10.220520           
11.420032           
12.283707           
11.837762           
9.750783            
12.058765           
11.542291           
14.245082           
11.330674           
14.080163           
12.032102           
13.693909           
13.384972           
14.248197           
12.980644           
10.363886           
12.041063           
11.860273           
9.684156            
11.648258           
12.114374           
11.290609           
11.293646           
9.771034            
13.857606           
11.695134           
11.920324           
11.096168           
12.920923           
11.488611           
10.352151           
13.938401           
10.458695           
9.535405            
12.436699           
9.594592            
11.114621           
11.990907           
13.456481           
15.830378           
15.763272           
10.900324           
11.271716           
13.545681           
13.152602           
10.234597           
10.594215           
12.570931           
11.685657           
10.708966           
13.107536           
11.224043           
11.964966           
11.462260           
11.604350           
10.755516           
9.683396            
14.952044           
10.784294           
11.961597           
12.445504           
9.484442            
10.261234           
12.831375           
12.101234           
10.772289           
11.634170           
11.433424           
10.425910           
14.404565           
13.514896           
12.185510           
11.974476           
10.361257           
10.524613           
13.448858           
13.721749           
14.405843           
11.154607           
12.338401           
10.334567           
12.311555           
13.069965           
12.238278           
11.678747           
12.184002           
11.318691           
11.094848           
11.003147           
11.311803           
12.483535           
12.691304           
12.537140           
11.240764           
11.843154           
11.020439           
11.324976           
15.416011           
10.843322           
12.186293           
12.959599           
12.013411           
11.661739           
10.729510           
13.728908           
11.584141           
13.385543           
11.738399           
12.314498           
11.477215           
11.391900           
9.715258            
11.798624           
11.569193           
10.844391           
12.330778           
12.611030           
10.397057           
13.089425           
18.241725           
9.593461            
10.139221           
10.844291           
10.043194           
12.283977           
11.993620           
12.856963           
12.237538           
12.281531           
11.735076           
12.179568           
11.500763           
11.650590           
13.255394           
11.826479           
13.091720           
13.318130           
11.585833           
10.836025           
11.077305           
13.648572           
10.966159           
10.238013           
10.812186           
13.597686           
11.480801           
12.196214           
11.630650           
11.983987           
11.310345           
10.551413           
10.436994           
11.800141           
13.226356           
12.612557           
10.936448           
11.557767           
13.929523           
11.629100           
15.987426           
11.869821           
11.919573           
12.420150           
12.888561           
10.249453           
11.142857           
12.862176           
14.705761           
10.670081           
10.542202           
10.546744           
11.169184           
10.883411           
11.138264           
13.243037           
10.672061           
10.887080           
10.374492           
10.957119           
13.157247           
12.495830           
13.648917           
11.185412           
12.178873           
10.661789           
10.434401           
13.194001           
14.353464           
10.520454           
12.812842           
11.297635           
9.646363            
11.812054           
9.995297            
13.580935           
12.423624           
13.870832           
11.952495           
11.208616           
11.772408           
11.272569           
12.494364           
11.618738           
10.992025           
9.883867            
11.683859           
12.181891           
13.092321           
14.200817           
13.368440           
10.827376           
15.370872           
12.713616           
16.041349           
10.092646           
10.043091           
15.866176           
12.417948           
10.730270           
11.908103           
11.085545           
10.881802           
10.373120           
12.121651           
10.737051           
13.481292           
12.119136           
10.639520           
11.149351           
11.592788           
10.616229           
12.875826           
14.080841           
10.456817           
10.209063           
11.241893           
13.693340           
10.373727           
11.357757           
11.066852           
13.270847           
10.475866           
12.168111           
