1                   1                   1                   6496955             2334797.03          2.78                3.47                5951714.00          
2                   1                   1                   596517              2335108.90          0.26                0.24                5952509.00          
3                   1                   1                   722002              2335736.56          0.31                0.29                5954109.00          
4                   1                   1                   1276386             365024.53           3.50                3.64                930497.00           
5                   1                   1                   985772              2337534.82          0.42                0.40                5958693.00          
6                   1                   1                   318484              30617.83            10.40               10.53               78049.00            
7                   1                   1                   241420              970453.32           0.25                0.24                2473817.00          
8                   1                   1                   220221              871728.47           0.25                0.25                2222154.00          
9                   1                   1                   370508              71189.62            5.20                5.27                181472.00           
10                  1                   1                   640885              221323.66           2.90                2.95                564184.00           
11                  1                   1                   505762              160603.47           3.15                3.20                409400.00           
12                  1                   1                   208473              42905.13            4.86                4.89                109371.00           
13                  1                   1                   47278               266768.87           0.18                0.18                680030.00           
14                  1                   1                   158528              441874.12           0.36                0.35                1126397.00          
15                  1                   1                   89741               12517.18            7.17                7.19                31908.00            
16                  1                   1                   34574               179339.23           0.19                0.19                457160.00           
17                  1                   1                   240342              499564.66           0.48                0.48                1273458.00          
18                  1                   1                   170265              57013.05            2.99                3.00                145334.00           
19                  1                   1                   113256              282972.40           0.40                0.40                721335.00           
20                  1                   1                   82720               18719.29            4.42                4.43                47718.00            
21                  1                   1                   45249               5182.15             8.73                8.75                13210.00            
22                  1                   1                   139704              48326.97            2.89                2.90                123192.00           
23                  1                   1                   76231               16699.78            4.56                4.58                42570.00            
24                  1                   1                   290284              149162.33           1.95                1.96                380235.00           
25                  1                   1                   45572               142975.53           0.32                0.32                364464.00           
26                  1                   1                   64556               168654.43           0.38                0.38                429923.00           
27                  1                   1                   29761               5619.94             5.30                5.30                14326.00            
28                  1                   1                   19596               58309.96            0.34                0.34                148640.00           
29                  1                   1                   12258               41431.30            0.30                0.30                105614.00           
30                  1                   1                   7729                785.76              9.84                9.84                2003.00             
31                  1                   1                   6043                724.56              8.34                8.34                1847.00             
